208
689
300
877
110
485
488
140
493
302
840
293
466
262
115
940
628
39
14
298
949
817
674
724
395
336
593
969
101
138
206
340
396
421
649
18
545
519
884
93
77
424
70
311
104
753
921
659
985
200
217
773
967
971
571
545
914
98
295
952
185
481
596
160
233
43
823
907
238
26
112
951
569
323
289
518
486
831
331
595
17
947
30
221
29
745
677
633
904
983
316
39
590
397
600
527
105
93
681
212
298
451
566
294
894
636
189
406
568
419
797
978
151
533
130
536
372
734
148
527
298
981
757
313
434
986
605
54
185
272
12
122
969
150
371
93
537
239
631
787
666
961
979
922
615
915
712
289
711
879
116
785
979
23
517
491
758
595
776
504
78
913
339
792
358
342
971
426
349
936
794
130
807
318
176
280
597
247
725
997
811
903
873
289
583
432
104
520
377
37
605
547
363
82
506
250
366
311
185
191
326
235
331
750
155
181
690
416
878
590
492
175
572
491
911
540
570
134
227
60
733
251
121
953
172
680
622
876
973
846
515
664
144
517
917
275
76
204
876
510
92
501
370
643
870
222
49
573
632
348
585
259
983
170
534
759
789
648
298
691
318
55
132
3
183
232
268
429
28
348
705
973
5
478
682
197
676
893
885
210
613
694
95
946
690
790
65
449
746
332
731
162
30
717
63
578
624
313
853
665
880
955
615
506
300
543
448
826
467
355
973
637
878
248
608
579
739
498
373
746
296
970
596
525
104
533
898
82
365
93
67
666
163
269
744
321
717
186
504
125
966
277
575
323
189
597
528
509
270
962
128
911
673
212
321
625
90
794
959
647
92
486
995
980
562
549
985
598
76
877
784
426
234
831
893
264
928
259
756
393
182
811
701
813
683
472
119
617
710
360
131
973
976
98
800
228
121
480
902
348
349
346
561
830
627
356
764
911
170
573
47
637
552
280
519
909
129
368
617
137
440
893
915
104
229
883
942
213
739
809
275
977
845
359
161
371
860
488
304
622
623
183
886
764
616
6
212
678
919
586
84
37
693
610
425
987
423
974
730
891
797
749
756
951
102
574
627
23
298
24
357
7
204
533
772
82
889
81
518
339
721
593
251
346
489
790
570
683
587
584
343
258
363
847
501
59
182
597
36
70
233
600
327
751
523
947
782
475
224
956
571
151
772
8
82
163
736
251
985
468
491
196
842
727
880
28
674
832
552
807
943
498
204
291
738
754
130
245
190
540
817
612
901
607
458
189
198
820
701
173
92
529
885
653
702
253
329
287
406
444
960
927
881
401
552
901
178
483
843
551
667
792
855
812
985
471
593
219
890
458
741
553
446
208
916
833
575
952
330
77
151
289
778
603
653
519
601
4
987
23
604
678
470
516
359
736
683
730
460
301
387
456
923
802
675
179
628
802
986
581
366
938
727
692
107
118
15
86
2
425
368
330
712
644
37
906
69
998
527
270
663
969
764
98
501
765
62
831
281
382
602
38
250
353
356
424
461
900
396
348
728
194
839
352
932
494
460
928
60
87
832
45
286
394
161
36
36
694
956
991
575
968
796
497
410
782
608
811
222
41
535
148
95
115
466
5
634
936
54
226
689
42
364
332
909
164
535
987
271
640
938
385
235
740
259
794
305
46
472
111
721
784
332
762
82
856
486
140
160
758
415
98
872
0
542
830
233
755
769
170
456
399
994
903
831
797
372
907
132
237
392
265
218
495
560
995
518
483
951
538
864
69
788
590
28
744
777
729
372
227
324
797
964
576
217
846
41
905
90
594
711
94
828
381
389
833
319
754
839
347
178
3
440
719
584
881
898
844
651
143
836
912
299
433
14
607
563
34
196
755
121
811
733
853
272
527
703
706
988
171
840
698
209
795
811
441
495
735
318
776
158
53
396
270
867
217
547
87
20
887
324
487
102
640
123
152
416
266
138
950
995
274
6
532
968
854
5
984
702
477
571
73
151
967
936
201
934
665
935
117
544
968
77
433
748
311
292
512
143
964
556
913
24
316
941
62
965
543
123
198
97
446
702
490
499
81
28
117
939
461
62
708
107
610
908
117
191
67
862
779
491
255
464
231
80
652
672
939
907
779
647
777
402
94
810
736
492
222
61
710
531
50
835
801
808
889
667
127
476
128
34
949
135
863
82
748
7
926
300
984
350
846
671
643
511
322
844
231
271
235
277
352
973
51
602
935
101
441
272
891
463
915
919
481
326
418
342
389
808
215
629
609
369
483
166
698
940
580
432
2
143
444
370
375
882
236
929
699
724
925
678
733
130
839
967
364
637
962
352
764
55
602
790
633
209
720
464
752
964
627
506
613
330
317
39
279
656
737
402
368
219
683
625
313
291
528
711
418
577
932
389
382
576
939
148
317
307
511
81
339
131
856
781
301
843
505
456
340
874
535
506
675
572
221
693
35
646
914
210
885
364
68
999
111
880
630
194
616
641
997
749
949
902
120
510
126
437
790
881
683
261
513
284
119
20
232
479
799
358
994
502
380
155
734
692
315
563
192
77
766
408
454
553
332
88
128
552
867
574
582
758
342
636
571
957
465
871
751
81
833
271
675
108
297
146
230
327
359
804
948
177
981
132
453
159
203
774
732
608
177
872
798
444
666
828
418
385
77
369
664
601
445
942
18
147
864
181
271
500
245
255
798
850
582
929
240
565
437
443
798
122
699
985
697
357
540
760
657
779
622
566
165
466
815
958
673
197
326
463
590
927
50
145
715
627
256
675
497
878
384
475
620
570
870
779
221
695
646
316
964
24
544
250
179
360
876
780
534
231
279
86
575
117
659
885
422
641
268
326
685
374
63
611
497
379
445
659
756
397
965
677
264
428
88
993
182
223
342
331
356
380
198
237
565
208
234
7
747
447
329
678
823
777
78
838
969
162
525
421
755
267
550
670
471
546
34
606
49
259
18
183
56
281
247
223
542
526
349
788
102
962
488
502
493
923
824
81
169
874
729
541
374
110
587
356
519
87
505
127
610
72
901
957
924
666
152
361
580
58
550
847
156
22
16
548
929
297
411
367
875
528
630
239
312
128
394
34
668
127
970
334
443
755
73
72
870
898
530
200
180
760
419
605
56
943
443
378
336
302
2
908
582
240
152
87
31
119
989
556
264
813
72
25
161
695
475
197
282
334
763
734
177
380
990
545
14
296
765
133
942
701
153
549
19
533
946
280
869
37
10
695
145
734
359
298
751
856
984
215
154
978
855
776
417
994
741
336
738
445
915
962
678
740
516
477
992
516
608
568
727
472
851
294
18
69
677
710
347
258
714
130
956
442
289
962
822
879
458
277
521
652
345
835
254
951
15
9
24
73
167
785
576
211
390
830
896
408
675
441
943
633
767
491
995
369
422
856
765
93
323
788
230
879
642
685
736
712
206
228
15
983
355
697
958
291
454
570
861
992
880
271
472
97
473
453
932
107
921
806
186
938
2
522
494
819
722
220
289
372
165
106
602
891
559
442
307
786
646
918
535
44
406
980
954
479
158
661
737
382
503
672
361
585
645
274
363
379
830
707
124
824
96
480
579
17
799
401
548
566
740
823
522
158
513
740
1
126
920
470
744
196
196
529
477
470
255
168
651
628
338
552
551
359
115
801
144
660
849
850
181
713
771
368
608
611
998
99
568
906
469
341
68
809
67
895
803
325
964
937
337
554
889
726
884
909
978
394
973
801
854
681
153
985
590
374
487
23
304
900
132
743
792
460
434
187
720
756
903
915
375
880
930
336
48
992
512
862
57
838
637
84
980
842
878
105
827
644
746
701
644
501
689
865
60
650
597
260
960
294
965
946
710
810
673
435
234
748
767
150
669
970
507
656
791
857
918
149
709
350
918
810
486
400
827
956
79
200
169
976
222
647
121
968
836
786
58
671
628
244
653
969
816
433
478
394
186
530
398
546
888
825
797
513
49
394
397
780
724
125
170
164
63
428
414
456
269
781
593
103
193
781
29
828
63
423
799
574
66
488
450
978
776
8
229
831
1
88
725
174
758
858
21
460
639
929
225
462
133
374
227
624
486
284
356
522
878
225
164
279
915
97
549
963
641
968
105
344
35
516
637
397
571
725
165
476
833
722
342
750
960
9
914
462
230
787
190
382
162
826
664
18
815
615
300
159
807
892
534
791
643
835
641
853
950
689
118
383
98
603
729
917
634
595
549
860
102
831
535
863
5
198
639
610
965
24
235
468
614
969
167
986
548
529
799
522
355
979
685
850
37
40
109
389
287
831
493
39
378
484
410
686
356
194
110
341
391
150
174
213
482
570
400
42
267
866
849
112
526
702
244
985
479
796
671
484
931
290
960
850
804
197
405
688
140
457
800
789
113
406
657
703
847
563
85
502
915
633
701
868
827
871
673
279
531
229
107
693
394
703
49
827
43
480
666
874
927
304
521
110
384
180
527
580
329
561
59
712
977
588
565
856
390
880
464
969
110
941
773
84
752
170
388
52
737
696
766
862
603
970
726
405
608
244
533
850
644
719
645
341
544
494
821
506
179
344
347
634
59
226
73
285
545
816
382
73
506
256
300
498
802
68
65
942
340
946
895
803
580
121
399
968
405
562
347
917
318
377
248
679
375
158
722
876
249
364
593
159
516
606
770
201
66
521
305
357
616
994
777
157
125
292
54
286
955
613
865
589
931
831
19
884
557
422
477
14
644
923
668
538
256
820
786
831
637
357
351
709
305
263
783
795
771
123
996
547
15
100
60
702
654
854
574
949
770
255
854
813
327
224
160
518
316
999
25
648
273
573
288
627
659
439
596
425
747
819
135
858
948
737
824
980
547
875
815
813
777
595
961
671
652
831
611
406
364
163
43
137
345
612
825
546
369
84
757
492
535
775
875
728
263
353
449
404
734
914
873
449
335
935
209
991
752
453
400
199
59
644
131
700
192
455
798
687
472
604
230
702
732
180
898
921
108
808
66
97
499
781
624
356
472
446
251
793
575
110
507
828
886
390
966
911
644
545
89
886
275
985
106
997
726
677
530
688
782
202
976
878
703
203
65
955
999
326
443
729
774
628
280
883
264
5
665
405
264
46
496
51
615
208
287
300
418
566
550
722
553
491
223
769
4
469
231
498
136
362
829
500
599
885
516
253
526
405
37
626
527
515
174
937
247
605
519
711
522
660
995
947
306
406
467
733
55
17
574
877
16
661
357
748
888
557
210
409
523
210
777
794
671
83
271
788
512
700
7
666
452
82
892
270
269
305
696
559
612
595
954
487
75
421
558
119
827
191
959
497
804
455
968
90
875
763
440
594
781
17
267
297
890
21
445
8
333
671
529
329
744
645
832
452
900
332
925
608
741
679
621
594
420
986
229
932
119
374
291
317
291
536
14
817
426
72
858
549
567
675
475
89
477
582
443
850
264
88
582
555
11
994
114
839
544
757
485
718
151
960
975
394
238
877
950
340
158
535
847
576
38
674
370
338
136
31
583
699
90
339
413
284
431
139
42
197
828
397
940
59
871
926
453
740
185
852
517
88
844
655
793
774
759
185
826
535
766
918
489
788
534
938
486
87
879
198
287
680
219
807
101
719
491
267
555
896
456
728
912
80
958
219
283
258
885
610
694
271
945
55
452
432
890
281
876
969
118
120
559
619
761
13
606
758
167
692
964
810
304
695
122
800
874
232
58
26
981
98
172
843
695
604
756
364
783
932
956
212
95
668
133
163
963
828
73
836
223
652
388
221
525
331
809
708
322
465
473
480
186
37
342
216
66
964
477
92
428
223
98
118
552
391
253
284
445
408
835
446
327
871
672
38
570
689
271
424
548
82
828
736
801
199
360
331
176
384
716
667
811
261
473
266
948
292
844
546
746
261
103
470
131
530
786
849
979
734
849
113
339
328
919
543
533
652
304
190
980
126
452
590
416
860
567
540
870
464
301
272
287
806
67
842
639
424
360
241
901
684
875
426
339
102
638
89
107
135
24
791
25
74
553
641
56
447
206
144
948
534
412
50
207
89
665
189
151
318
86
739
988
72
241
759
591
841
614
722
774
206
301
697
765
399
688
255
878
321
587
507
297
962
118
174
526
929
702
395
47
551
367
771
323
294
574
660
181
636
842
797
595
379
19
512
730
745
571
309
79
415
410
47
233
25
229
766
946
449
934
616
515
727
550
844
23
281
495
605
288
67
7
903
382
156
918
961
326
645
472
911
143
990
190
722
56
662
695
494
684
582
845
633
456
139
346
235
331
727
552
926
580
219
791
211
242
395
610
902
484
102
867
784
249
368
205
727
449
590
176
620
595
133
990
528
160
551
764
460
628
259
461
403
709
999
584
94
547
461
354
901
232
576
366
941
689
242
905
202
306
923
922
90
384
744
846
947
56
957
362
906
581
392
617
657
751
404
118
276
150
478
379
153
533
728
727
17
212
736
207
759
926
12
155
156
634
20
465
917
452
891
655
26
915
508
153
259
622
85
259
249
375
650
33
894
521
505
482
898
22
150
306
531
473
371
742
40
571
437
931
530
289
629
775
911
674
65
137
293
846
215
333
576
257
397
647
464
631
640
425
577
58
168
72
856
975
588
896
927
527
111
679
206
777
14
711
727
100
364
149
283
315
245
183
349
153
851
179
35
259
656
602
389
637
633
907
508
60
739
300
912
563
470
971
333
754
58
618
819
608
857
57
329
89
555
989
998
2
112
503
51
265
766
680
984
906
663
600
722
404
661
366
205
123
429
465
140
382
750
292
986
824
876
760
388
20
630
956
949
369
328
304
853
869
37
639
511
422
692
531
174
859
30
218
107
802
602
117
181
754
525
602
62
912
561
951
686
712
841
807
719
913
830
98
788
931
857
36
662
596
438
215
244
885
705
100
494
908
231
365
230
195
172
262
188
677
556
786
821
769
112
210
487
511
336
312
564
271
39
578
264
801
87
378
40
831
938
977
705
670
754
572
202
868
230
559
584
459
849
165
580
267
416
306
282
46
256
448
737
781
610
797
986
752
884
486
358
643
381
92
361
940
437
693
413
736
527
774
293
533
676
924
319
514
572
106
4
907
187
700
255
281
23
809
399
254
634
224
939
894
424
722
225
713
941
629
60
773
620
88
144
120
384
746
602
795
585
758
760
745
934
905
322
591
697
283
524
407
203
427
530
940
804
293
887
922
607
903
25
517
496
426
788
895
603
340
633
640
450
978
931
645
931
242
911
979
92
494
125
693
172
661
431
930
79
51
4
746
421
625
618
646
111
120
494
111
607
110
825
846
36
347
65
611
151
485
576
714
357
887
558
423
888
256
494
354
364
976
911
957
604
181
985
131
782
580
722
515
514
908
748
609
674
715
685
998
238
76
531
582
263
776
74
399
37
825
419
449
408
6
130
489
687
864
700
463
537
380
803
472
262
745
112
294
48
241
580
82
459
220
299
276
958
503
85
649
246
812
746
788
814
467
658
807
44
878
190
64
603
339
942
161
312
658
936
7
979
526
522
460
260
449
220
336
711
23
125
331
390
757
792
69
778
794
346
798
910
627
171
217
392
429
7
939
4
51
992
474
854
632
594
936
276
550
427
719
766
765
580
334
347
839
576
753
89
928
864
168
784
330
280
726
564
983
546
57
462
80
853
65
310
546
65
297
638
328
538
515
358
459
255
832
975
599
510
597
878
487
405
937
344
385
871
99
404
11
762
488
218
277
441
706
910
984
811
932
56
908
959
353
619
943
169
877
368
881
318
675
694
965
872
694
544
530
502
323
164
832
883
587
731
509
306
767
370
135
987
164
588
684
708
838
697
933
183
768
272
601
68
849
380
925
203
522
238
578
632
188
367
559
619
495
983
773
986
134
431
842
606
598
367
580
503
484
581
415
509
886
372
90
620
993
461
940
235
810
924
300
657
121
545
854
4
448
905
841
343
609
88
141
951
477
790
970
555
641
915
75
694
754
968
673
467
153
388
997
307
674
127
5
629
110
470
424
99
697
476
517
612
310
898
308
12
350
763
472
141
143
742
628
495
753
176
947
171
644
757
700
688
965
795
202
432
495
875
297
427
526
293
860
86
583
808
540
583
100
483
123
479
772
426
191
868
766
808
217
442
525
869
717
214
135
620
780
167
248
316
150
801
228
761
779
39
858
710
328
204
340
801
199
30
330
796
854
312
830
307
186
379
282
367
357
928
150
550
938
172
309
228
881
1
991
978
718
933
242
817
172
120
353
587
279
159
287
279
999
816
308
423
320
370
278
223
519
403
195
812
487
21
931
775
528
486
466
605
529
154
235
812
637
255
216
564
209
805
925
559
573
912
885
287
401
91
941
986
959
651
92
668
326
445
204
482
551
965
882
902
736
388
432
716
798
973
468
440
295
524
818
465
589
387
29
710
295
507
850
948
265
67
93
841
68
936
765
472
809
882
722
913
278
470
567
636
627
501
442
442
462
0
809
80
698
998
751
169
846
340
75
759
682
968
897
678
229
930
682
29
137
576
135
474
408
980
75
528
768
548
718
215
586
165
501
497
688
189
119
189
756
828
891
969
477
750
653
232
812
200
351
822
870
420
780
956
602
619
296
141
362
765
123
476
430
680
836
735
595
923
954
356
811
886
454
710
678
864
60
12
759
460
40
446
993
697
646
541
88
261
666
430
148
517
453
547
823
188
57
247
496
61
516
851
632
502
376
249
2
139
571
580
304
612
794
338
496
629
360
280
573
96
429
936
674
848
906
433
841
932
600
699
322
551
840
550
895
840
677
158
148
83
341
493
980
491
575
189
182
898
711
224
759
958
693
798
320
290
59
882
304
94
653
642
133
220
10
697
772
737
105
882
824
883
631
715
991
829
828
196
839
100
718
514
992
581
710
789
3
686
334
450
560
725
171
685
230
977
784
744
610
387
480
568
603
224
197
554
580
910
574
922
528
864
322
11
244
392
204
760
878
745
55
869
468
518
160
387
535
313
683
406
127
188
54
821
559
966
298
614
312
674
271
363
868
538
807
405
49
692
755
627
318
662
521
399
561
579
279
181
78
866
25
705
133
823
247
492
874
640
178
306
160
334
221
148
39
734
840
61
161
859
751
715
53
474
689
483
35
578
436
129
783
981
838
755
128
984
991
209
736
643
274
340
389
141
322
288
894
367
529
743
850
347
340
283
481
481
26
407
878
189
339
306
300
345
469
842
430
859
970
889
795
762
894
935
670
146
244
715
427
978
703
127
246
166
838
415
838
694
161
645
110
82
808
5
931
496
555
56
809
548
948
631
577
939
217
718
973
579
77
258
605
602
134
328
321
938
9
148
238
414
353
939
750
36
751
637
456
223
692
106
782
839
697
304
437
823
879
590
584
564
403
865
653
149
929
792
241
546
281
253
183
421
927
227
491
415
772
39
53
145
506
748
241
561
421
511
940
461
413
972
721
991
360
562
712
932
53
378
376
114
946
207
572
702
7
546
153
368
107
886
672
356
860
34
142
461
725
600
912
63
735
962
508
553
314
316
435
702
997
161
939
719
537
925
649
446
619
84
844
617
121
102
244
233
92
72
240
199
371
944
679
426
376
53
559
167
172
320
866
61
301
195
758
587
0
220
403
865
810
421
15
448
664
788
53
335
566
530
181
867
700
723
84
274
173
937
716
316
57
788
807
270
579
866
245
924
588
191
133
338
414
945
943
688
53
139
192
512
559
780
575
269
781
275
468
594
345
162
136
971
583
876
416
316
904
923
803
981
138
170
827
982
491
676
328
309
964
424
520
681
627
730
307
897
104
254
602
15
977
51
103
842
529
210
448
844
251
42
205
106
44
658
929
1
126
562
318
491
777
766
65
893
429
223
196
740
594
696
578
764
0
658
421
957
363
748
211
170
526
283
983
519
592
274
988
238
475
774
541
118
953
225
631
113
737
609
408
305
232
244
488
910
523
386
189
814
520
822
582
985
581
106
733
232
552
127
47
794
53
830
264
403
854
502
143
353
493
762
625
180
452
998
929
649
550
646
565
115
46
499
131
671
253
147
83
50
81
716
438
617
289
524
324
868
309
64
196
512
394
615
692
233
980
699
536
872
619
427
143
278
8
856
265
181
481
202
164
599
776
493
446
566
242
414
69
463
211
604
290
876
598
213
652
924
98
54
993
784
913
710
383
21
442
263
409
490
462
858
861
501
248
367
538
566
885
390
719
863
794
141
382
662
133
918
791
497
876
587
777
925
498
89
11
131
888
407
273
472
824
857
562
567
932
861
62
5
621
337
853
16
776
823
763
181
938
375
959
637
589
391
18
227
930
433
397
356
174
89
100
123
186
578
223
137
290
404
694
38
167
419
260
878
463
247
93
147
218
100
481
946
280
397
459
957
534
210
922
621
904
347
158
41
152
312
47
799
884
735
335
790
926
432
264
686
909
360
688
196
952
473
233
302
875
794
461
47
722
904
78
632
954
889
60
820
983
72
535
837
984
202
532
160
543
564
949
826
964
887
849
510
1
881
427
324
480
425
933
663
9
343
141
947
208
374
256
368
883
534
979
824
617
954
705
417
709
867
439
432
506
799
275
147
793
98
962
16
245
463
32
447
128
707
179
832
358
358
648
603
895
646
383
883
386
426
955
805
629
545
609
91
210
196
450
623
955
102
907
342
941
399
458
180
650
319
443
941
0
93
384
591
896
836
351
746
97
895
965
936
555
361
336
815
663
883
355
664
347
419
138
395
676
677
957
481
540
657
690
373
979
105
291
376
545
700
766
593
729
804
547
197
865
993
272
776
327
56
680
136
334
211
387
73
406
998
15
499
625
83
940
901
433
83
852
476
95
714
257
924
926
101
225
241
742
427
765
114
309
37
951
755
935
412
818
542
94
837
787
590
406
915
700
103
263
689
298
125
453
834
564
103
300
279
756
839
804
84
122
402
156
128
332
550
443
664
882
901
970
7
533
277
262
915
392
681
313
726
102
15
992
527
115
918
375
902
799
580
752
337
133
122
930
501
577
573
510
836
296
338
965
303
298
205
406
600
938
197
195
631
846
784
75
639
321
182
811
780
822
60
845
268
704
328
194
447
900
260
939
52
592
737
123
841
125
73
457
790
799
409
482
631
837
873
331
332
492
50
211
159
694
731
103
666
872
791
736
786
161
966
767
292
901
231
672
314
74
863
372
321
635
392
72
219
31
673
235
868
238
310
861
83
82
4
755
663
632
739
40
979
26
392
989
623
149
94
232
749
997
41
922
189
889
702
747
237
833
154
848
569
316
54
212
475
614
380
221
143
494
496
317
285
461
126
226
427
290
996
575
894
819
819
528
374
414
888
837
692
78
545
694
456
369
838
373
403
422
758
880
669
684
187
277
684
69
723
625
179
665
180
169
698
759
931
826
224
886
608
379
873
954
618
424
829
179
875
810
56
631
71
617
71
895
862
875
549
286
612
870
410
118
58
330
653
229
450
755
742
573
164
794
339
458
136
402
164
796
599
872
197
820
579
723
192
330
991
507
668
21
348
375
526
213
442
862
754
154
959
511
622
471
999
284
131
376
328
369
17
961
496
539
94
9
413
115
299
643
553
353
75
29
473
406
313
457
72
306
565
777
636
243
474
87
357
175
39
275
685
193
480
405
73
863
520
154
322
148
365
356
16
937
593
554
68
975
792
455
488
800
195
190
342
555
327
131
930
613
98
836
156
997
293
14
206
696
815
756
606
267
467
698
864
952
407
649
740
607
167
291
15
485
487
349
689
234
154
773
10
564
537
968
129
969
675
182
931
234
949
682
308
436
367
865
598
944
123
460
939
345
762
785
864
461
661
403
40
365
717
833
561
407
559
324
680
139
704
314
604
370
24
920
713
810
854
285
396
326
448
793
838
866
469
516
407
116
930
619
912
903
101
469
164
641
921
468
332
108
646
758
326
98
876
27
929
545
908
369
440
838
459
932
424
70
364
889
384
887
505
865
300
877
966
315
46
88
698
514
378
891
306
822
747
327
932
262
423
86
805
971
469
276
39
255
142
720
651
204
815
976
639
802
649
866
76
432
931
191
254
716
45
937
385
637
17
22
900
69
576
53
517
325
719
252
953
64
236
788
70
65
144
748
351
161
747
755
499
520
623
578
530
277
650
197
677
400
219
761
929
837
848
441
639
883
618
235
444
266
214
159
224
372
200
896
541
498
78
947
246
175
518
964
697
1
189
552
995
515
77
749
190
520
834
294
321
99
154
139
764
962
495
965
727
256
330
926
30
329
341
23
475
64
332
19
432
581
137
585
95
706
860
55
584
28
291
817
718
503
891
257
694
778
587
633
21
882
2
260
501
387
21
506
772
144
222
514
906
11
171
122
100
33
194
665
514
229
583
774
393
628
586
570
61
584
152
752
319
542
340
164
911
667
585
553
711
555
526
957
339
298
615
111
696
635
661
705
544
365
449
272
359
406
466
152
70
880
480
293
810
688
956
300
447
133
326
679
894
445
682
232
272
691
289
933
870
269
607
113
719
42
310
484
5
153
279
912
444
452
328
172
328
947
534
230
362
85
480
649
102
530
221
591
156
460
788
679
17
331
262
615
706
79
186
101
901
288
413
591
156
10
403
115
414
445
7
416
299
960
746
939
395
581
995
654
556
656
628
522
655
617
125
614
182
177
688
432
612
513
616
511
320
781
558
275
720
216
777
877
606
201
33
176
961
243
729
889
779
243
63
458
730
514
137
137
350
42
205
176
382
70
196
62
143
794
45
563
449
41
946
56
568
29
193
101
516
0
793
732
301
338
351
490
600
804
348
598
926
552
172
842
823
300
174
983
914
715
659
85
671
91
413
287
604
462
149
909
264
488
369
907
383
511
464
671
363
313
147
192
667
855
171
249
723
854
617
565
119
430
61
53
29
980
206
749
814
890
498
708
537
774
532
258
237
984
656
156
696
941
155
986
488
801
643
858
909
977
760
774
946
527
39
224
902
806
577
917
843
4
668
895
514
152
854
373
217
513
585
597
451
358
263
186
538
548
35
409
643
210
777
572
790
408
428
625
912
142
619
917
663
633
790
274
569
616
803
312
921
53
535
960
512
430
699
675
860
667
125
513
655
563
144
581
335
783
793
397
109
648
350
360
692
772
725
928
224
267
655
591
65
951
672
78
547
202
587
609
826
667
742
966
311
952
911
716
754
367
410
992
682
991
32
386
249
921
373
782
613
268
390
511
268
198
85
830
183
366
771
120
585
838
713
13
581
919
971
84
354
668
602
245
828
272
948
655
607
732
561
23
490
449
861
498
214
619
405
449
730
942
304
124
333
274
380
386
86
194
409
163
235
987
438
328
893
400
302
315
652
906
334
160
580
868
351
629
364
252
266
462
262
382
677
296
120
578
472
832
486
558
436
948
42
679
833
590
394
744
698
386
67
229
464
237
351
250
239
388
449
772
457
519
905
641
181
338
616
971
652
235
49
655
232
427
186
268
905
499
599
87
29
584
409
92
658
144
415
398
411
380
225
519
38
568
533
284
14
869
809
680
74
464
331
169
257
212
944
7
728
418
927
320
353
225
961
376
401
392
600
294
47
799
193
402
556
622
79
595
691
669
14
781
671
107
512
943
467
731
303
410
162
80
976
382
20
553
936
479
489
391
54
876
765
451
333
40
760
924
740
905
81
326
771
270
574
751
956
886
467
284
756
523
268
704
469
718
241
684
641
468
85
889
261
749
26
114
863
141
406
831
190
580
282
45
453
528
492
337
75
282
803
179
954
158
194
999
201
668
908
622
160
547
530
811
960
685
587
570
965
710
393
443
818
622
828
916
351
238
933
460
656
239
385
156
421
341
896
864
490
27
809
947
186
721
132
665
813
232
99
565
59
893
926
483
203
532
729
888
533
716
380
45
369
376
320
651
258
150
441
736
370
376
788
815
418
577
486
398
910
585
470
257
564
313
72
803
207
138
143
957
476
623
262
23
856
763
116
404
660
157
202
762
262
800
897
798
525
399
949
302
257
509
720
664
276
27
108
561
65
731
937
943
168
617
279
383
122
202
489
851
191
852
998
491
314
965
309
516
558
103
228
607
872
872
5
120
592
576
782
942
205
772
875
658
283
456
170
57
860
306
347
804
0
97
466
631
322
187
107
870
986
318
128
282
272
526
210
83
923
125
26
696
438
897
354
195
187
32
493
104
896
102
735
323
603
375
562
264
50
672
783
822
771
471
117
837
37
859
393
487
962
974
163
915
449
310
344
252
356
387
833
568
163
468
135
636
667
538
234
253
886
158
189
505
888
22
47
268
587
986
880
207
968
709
509
82
307
903
355
402
865
551
685
630
617
462
609
675
788
527
749
736
658
378
857
860
114
408
641
346
342
264
610
62
129
248
62
506
806
279
894
578
470
935
867
246
325
193
64
885
842
833
968
765
434
104
703
425
863
943
840
124
18
849
187
242
370
754
336
590
951
100
837
606
288
792
87
155
381
809
880
124
922
516
30
281
665
891
44
317
163
105
615
13
26
465
79
198
398
799
648
915
266
624
468
803
362
997
222
953
52
977
614
421
88
132
100
904
485
937
531
117
385
402
179
138
772
387
683
838
258
644
81
269
835
743
663
486
353
538
620
125
573
479
588
541
167
526
414
677
992
572
920
179
765
212
888
263
866
116
17
670
489
627
304
246
470
343
747
129
296
979
237
83
886
229
792
918
19
757
271
741
879
521
295
677
148
757
666
47
962
616
399
834
479
515
129
581
887
554
194
338
427
741
980
870
193
192
844
413
32
837
908
827
918
444
532
485
169
201
180
62
374
819
40
365
905
949
863
316
321
749
602
979
303
426
646
875
227
707
326
967
955
899
849
756
970
592
107
673
480
122
538
897
971
769
624
237
362
327
55
79
322
668
910
314
759
545
175
965
393
484
473
534
552
634
433
515
557
754
17
187
598
478
202
76
93
325
219
53
143
612
325
723
684
987
594
994
280
627
866
57
797
765
530
816
130
646
585
989
20
366
816
921
903
984
190
898
848
140
349
505
91
440
756
764
805
669
650
814
261
462
196
682
332
811
283
727
117
891
701
437
178
800
886
142
501
524
971
23
976
322
866
781
826
888
265
373
583
760
306
580
754
61
128
229
825
850
202
553
398
974
776
696
925
932
518
5
6
151
996
344
905
611
983
158
881
454
712
283
335
14
527
311
500
868
84
181
946
805
233
304
936
826
7
537
976
773
820
732
414
292
862
121
615
466
231
822
91
360
972
777
313
267
484
786
102
999
290
327
346
978
78
482
327
299
630
269
198
89
444
694
600
903
413
53
286
205
270
66
885
722
234
171
585
589
636
563
309
3
958
727
573
611
532
82
936
790
232
920
509
946
483
39
624
53
284
913
977
46
640
6
602
543
846
807
171
222
21
381
140
611
437
240
206
413
967
427
846
829
306
125
47
860
891
930
299
56
280
464
574
673
825
894
303
898
907
526
723
316
91
508
951
292
723
814
890
612
572
603
454
598
568
248
345
101
378
397
508
30
725
183
519
484
669
30
942
346
950
654
93
200
928
900
219
385
876
390
590
907
205
173
987
109
517
798
648
103
523
19
848
587
686
841
1
105
585
675
998
632
419
715
868
177
257
464
148
925
219
508
668
127
312
628
905
12
582
539
278
303
898
872
74
481
488
963
152
478
280
23
976
466
533
577
854
834
11
846
292
871
612
235
801
612
672
406
469
785
631
194
992
657
939
552
350
222
559
904
585
221
814
367
435
755
361
226
277
54
969
793
121
600
45
391
641
894
280
294
3
424
123
735
785
281
707
807
177
981
566
917
478
378
343
376
712
31
811
325
183
450
847
213
535
878
760
613
960
89
535
632
973
275
95
23
335
370
748
657
302
947
594
261
987
451
23
556
933
627
646
556
198
114
289
814
561
628
594
433
730
64
190
960
9
624
966
30
541
537
556
770
130
147
254
581
870
154
658
136
429
810
663
363
191
217
939
968
531
687
902
774
259
153
330
234
787
170
182
471
871
426
14
214
648
361
376
457
2
468
565
889
669
968
833
879
62
637
841
511
322
849
49
57
686
214
56
954
614
613
432
207
232
857
253
577
148
745
498
572
299
245
714
609
368
682
482
124
607
776
328
640
73
416
23
605
593
299
827
212
14
966
771
457
701
194
96
463
691
359
184
226
884
737
967
246
51
619
611
525
222
823
699
165
972
863
891
535
838
334
638
948
176
488
321
842
947
536
544
708
488
184
87
592
178
755
63
978
89
727
859
694
383
854
166
627
224
419
347
427
587
25
391
126
991
295
623
830
692
728
922
805
680
671
883
426
250
216
406
707
654
194
60
652
317
144
997
174
81
175
72
587
618
89
794
766
368
536
297
415
877
118
307
564
902
209
16
171
366
20
16
731
983
168
499
11
750
667
444
74
945
879
385
398
640
890
569
656
22
885
394
748
562
854
414
934
134
769
257
520
291
443
218
840
719
782
603
662
484
977
943
980
414
543
696
246
777
152
386
752
245
132
591
95
175
747
967
703
173
98
315
604
245
89
494
405
107
640
378
314
709
822
507
542
572
212
9
191
297
494
735
722
266
561
379
460
264
675
226
708
310
115
73
516
200
297
786
605
613
312
41
698
603
720
850
949
870
304
722
278
36
929
758
235
416
126
379
24
777
784
107
519
934
653
177
995
488
408
897
590
164
596
943
163
203
82
546
758
24
658
325
871
6
181
442
517
356
433
947
103
549
998
294
509
760
662
892
38
505
722
695
355
98
479
86
232
274
367
78
883
143
603
358
581
235
374
879
477
641
557
198
524
786
275
408
115
320
865
617
840
967
131
128
448
923
461
283
70
82
492
994
817
462
449
859
684
310
136
193
447
107
23
217
59
579
561
404
643
507
571
658
494
669
558
329
913
667
291
513
392
943
797
891
373
426
831
406
369
693
830
933
376
711
809
848
202
531
750
141
339
429
22
476
243
41
680
588
889
319
459
965
339
207
733
787
113
262
873
19
176
842
501
725
698
256
273
671
826
959
684
18
173
784
528
682
212
309
85
255
214
699
764
579
611
61
761
520
723
310
980
767
508
299
129
343
418
987
859
41
441
363
215
932
599
34
260
553
213
350
121
725
971
994
47
326
931
485
262
284
301
551
323
54
154
986
470
198
349
347
905
186
251
124
613
560
787
847
351
709
433
912
848
946
748
208
346
291
647
674
5
197
893
12
666
268
469
284
559
134
21
860
953
312
283
244
720
666
719
282
788
489
220
816
309
554
141
978
160
782
716
202
237
766
758
10
829
980
218
397
169
355
408
699
846
997
982
895
61
423
813
423
719
370
379
880
149
689
18
819
845
650
950
55
481
100
3
692
305
691
780
897
320
186
960
187
685
13
327
363
640
546
115
171
316
260
506
717
788
684
567
703
470
940
168
822
844
713
778
878
345
125
312
732
816
541
459
417
816
790
715
507
669
127
908
649
416
483
372
122
814
837
920
107
917
448
502
884
643
146
230
501
609
69
977
298
541
66
475
856
789
290
254
907
951
410
348
421
406
50
165
813
710
658
209
514
216
145
253
915
690
940
98
988
990
176
76
807
242
332
462
828
232
837
930
118
715
503
358
860
722
325
19
225
561
838
678
41
115
684
65
640
492
826
300
544
587
953
709
350
500
407
935
634
451
597
494
202
397
611
712
194
480
218
39
897
556
157
564
443
177
61
133
711
359
352
679
540
916
253
519
93
167
783
985
77
964
276
260
769
169
328
77
241
589
59
855
571
536
11
341
148
718
543
790
315
581
114
567
285
213
120
622
806
711
24
410
450
574
206
576
600
586
924
617
424
940
884
271
89
228
517
966
9
782
983
583
914
819
140
344
309
731
78
839
646
848
479
533
924
13
409
751
131
758
626
192
32
913
531
67
328
154
997
835
78
197
577
453
927
748
883
861
387
665
722
590
810
373
6
518
584
910
142
269
511
687
190
350
959
945
538
261
917
63
401
217
821
856
360
627
29
318
473
332
304
835
865
390
892
931
11
80
977
260
868
5
173
602
884
214
225
423
869
948
106
215
876
810
292
762
913
22
106
491
588
208
946
350
166
475
665
686
361
169
363
155
269
212
692
698
400
574
184
167
442
162
844
230
202
595
735
559
928
378
400
912
519
285
445
964
430
619
317
873
500
452
315
496
926
669
439
461
831
49
483
534
466
803
55
224
623
49
921
164
912
474
140
225
798
151
212
75
389
831
460
722
689
885
828
957
347
420
874
213
516
683
275
342
956
708
358
672
183
422
94
4
942
138
10
74
550
858
43
463
150
445
785
675
898
624
434
0
647
103
296
487
122
97
606
357
338
176
351
267
463
431
51
715
197
351
982
238
873
586
287
962
966
137
658
265
541
721
10
133
999
151
223
327
727
413
944
199
881
76
733
389
58
193
11
966
602
477
348
562
309
476
603
594
241
790
2
416
36
868
808
862
22
883
633
0
943
972
739
438
341
276
531
922
795
46
275
160
545
831
872
314
148
562
619
619
507
81
956
507
973
109
14
201
242
933
380
464
44
74
278
776
601
947
991
93
952
260
429
733
110
505
438
746
68
529
236
639
655
70
701
815
107
936
650
266
188
513
930
417
627
547
954
936
2
790
91
955
372
158
752
921
980
216
114
269
552
397
290
692
881
159
642
65
842
609
176
75
571
844
160
168
489
587
901
291
251
536
492
776
756
311
934
288
504
720
63
1
636
954
935
437
367
307
997
354
127
84
603
746
793
289
186
792
329
199
635
75
970
373
702
648
514
141
523
503
189
884
875
456
261
605
970
518
259
948
627
849
308
869
615
474
723
133
60
751
159
241
398
574
984
539
21
782
76
354
931
986
656
809
792
615
885
960
756
548
209
694
688
249
351
25
729
543
36
540
170
391
111
854
181
671
204
995
877
432
292
740
859
859
909
602
196
9
490
720
739
442
751
822
336
557
475
554
276
86
289
265
136
261
837
602
889
59
72
228
250
552
648
726
343
608
232
20
913
900
527
18
970
380
335
584
375
450
212
773
669
738
918
312
409
885
253
882
624
293
65
303
120
683
275
68
345
612
996
242
204
586
680
216
166
990
213
591
912
772
366
886
599
751
839
118
387
307
636
104
334
153
234
275
595
924
418
361
904
459
797
737
689
920
281
823
778
525
815
575
353
446
501
538
54
833
695
495
320
210
709
610
806
611
273
737
414
481
647
387
701
306
393
628
4
138
998
156
299
428
479
557
581
165
334
51
31
261
170
102
54
87
435
426
340
992
271
728
615
652
879
221
438
659
370
80
177
891
659
113
580
303
985
277
959
734
243
574
5
606
6
327
431
294
988
982
813
851
467
74
792
282
663
291
743
453
85
128
715
417
165
116
273
403
34
626
620
538
210
448
693
256
613
936
176
211
996
552
476
640
623
547
934
175
634
33
579
705
701
361
840
734
423
743
159
979
222
921
473
144
294
363
554
624
508
586
277
217
445
662
333
500
752
416
110
502
356
307
734
605
775
271
835
335
781
184
425
563
969
133
16
843
299
29
192
257
286
180
122
494
924
34
661
17
417
925
818
773
497
301
860
996
183
341
951
127
483
89
892
183
54
299
342
790
445
640
20
159
768
87
155
692
926
514
216
990
23
509
31
14
165
603
706
226
128
511
210
884
213
648
483
492
882
126
607
694
1
434
521
382
38
250
268
192
614
873
712
980
206
828
433
54
637
465
380
756
423
323
382
408
775
248
698
253
817
259
319
327
89
989
668
643
187
287
489
229
288
474
107
937
689
15
276
905
652
67
509
532
920
434
408
672
806
765
742
798
654
373
394
220
811
95
104
857
532
826
54
793
32
659
501
15
245
554
619
874
453
789
953
200
678
586
828
800
861
202
722
68
646
57
859
907
314
698
498
52
309
904
54
150
874
911
785
941
174
488
188
798
526
483
189
356
342
583
278
427
999
85
787
226
532
227
32
750
698
492
756
905
601
228
135
609
483
874
619
500
999
798
905
169
594
697
300
579
492
900
130
967
450
17
868
732
901
30
619
674
279
640
781
482
157
811
283
982
205
671
504
2
165
935
808
791
374
491
106
401
443
838
548
598
954
290
602
158
77
638
610
538
813
841
22
429
269
113
615
448
574
204
771
978
948
920
691
348
12
430
732
458
304
184
208
293
889
363
191
181
632
824
847
300
137
541
270
414
596
721
607
828
577
564
25
496
887
316
560
595
858
292
365
226
255
479
449
87
196
338
2
668
369
312
207
226
581
175
550
792
871
615
671
438
506
723
613
129
267
712
33
481
98
314
162
998
731
142
21
442
616
242
724
223
581
545
294
193
991
691
724
406
25
896
827
762
277
637
731
416
228
767
851
298
82
317
990
33
649
34
846
328
128
183
571
843
479
247
256
93
810
444
899
551
904
576
15
116
214
30
616
281
757
22
818
578
269
487
614
8
828
454
977
166
656
93
987
843
420
512
785
266
938
88
832
300
510
834
151
311
714
130
423
816
835
145
530
741
103
221
421
877
50
463
35
840
380
744
31
547
560
197
277
339
843
890
502
475
375
507
991
73
724
605
85
554
402
994
207
414
869
748
351
150
957
937
662
506
312
524
283
951
286
877
8
613
202
566
914
919
168
278
218
212
399
579
965
994
421
312
772
42
521
382
385
574
409
239
343
535
960
501
940
92
732
257
62
220
89
264
239
108
773
992
806
980
225
368
787
140
121
981
95
813
393
753
974
418
571
501
122
900
537
767
445
277
243
856
794
460
646
228
369
911
314
132
77
295
662
536
956
645
681
509
658
746
928
303
458
685
95
0
867
989
734
183
890
710
698
91
530
745
108
966
925
955
242
479
565
951
608
615
259
88
155
550
323
63
106
934
370
811
801
844
70
622
99
823
192
235
475
929
256
718
791
338
910
924
370
60
328
250
396
962
557
625
424
169
828
694
267
696
2
0
44
108
430
35
980
588
91
401
514
292
145
40
963
500
120
871
725
152
323
145
247
459
205
236
991
868
314
316
143
739
580
393
581
933
105
471
717
330
813
939
741
488
426
995
796
528
424
510
240
462
922
331
252
119
871
230
314
403
938
877
698
657
119
408
175
530
553
151
162
861
677
341
622
186
837
170
431
787
626
71
23
659
833
603
823
826
624
586
926
593
574
180
305
856
276
444
295
520
924
327
520
706
996
948
41
213
919
739
655
679
88
942
350
603
244
116
668
977
411
76
231
51
195
783
543
979
249
390
313
162
644
178
553
27
176
443
900
614
700
384
583
441
225
53
352
697
887
971
935
22
37
465
408
780
276
648
928
686
153
340
32
749
774
558
891
133
276
510
193
657
159
422
293
133
814
530
130
761
269
868
476
390
601
76
430
345
231
892
672
444
657
169
778
596
622
645
289
85
941
586
412
673
742
457
117
207
61
368
983
616
532
978
688
422
843
609
588
485
55
510
611
147
588
529
808
548
600
268
159
413
806
81
667
682
756
748
353
164
370
972
644
538
526
171
414
680
360
564
431
21
167
380
221
966
255
385
889
264
808
543
705
835
788
465
640
906
300
301
54
766
447
128
573
186
241
169
833
42
316
562
27
612
469
408
859
865
445
884
295
357
506
769
620
593
922
982
751
170
252
774
761
714
411
842
901
829
135
529
951
582
137
918
411
567
67
143
215
112
210
310
623
678
610
536
627
741
604
594
862
928
718
300
365
693
823
902
329
670
301
255
180
410
133
580
124
394
151
477
279
503
963
963
572
104
132
950
697
641
679
555
399
744
439
938
630
225
425
710
893
954
239
470
578
704
20
208
450
512
11
381
990
10
596
104
995
47
235
616
524
523
518
972
398
741
588
334
80
444
629
392
220
820
105
731
966
774
257
559
705
245
916
573
456
124
799
80
624
702
293
33
495
845
710
650
24
652
879
954
359
72
645
919
195
457
871
562
213
598
944
884
212
438
838
151
810
755
170
151
246
505
612
671
926
661
330
559
521
584
901
939
87
83
848
512
150
428
773
55
42
926
878
412
215
535
29
984
326
115
569
738
970
197
237
716
22
310
878
193
477
502
921
69
709
751
407
413
424
466
559
158
961
449
222
305
720
803
397
659
2
734
854
251
640
390
516
133
865
995
95
476
927
18
169
212
779
90
408
828
214
734
264
730
62
50
581
409
137
911
81
238
817
897
528
929
987
447
702
46
437
938
200
498
308
782
928
75
431
143
295
49
308
557
310
176
941
615
37
303
47
182
647
403
806
960
744
669
232
349
725
314
941
518
494
705
767
305
346
791
612
729
143
278
237
563
123
956
195
371
5
256
61
540
194
287
48
87
292
693
715
35
285
791
285
403
196
124
974
69
58
452
463
982
620
353
78
347
157
914
978
794
687
839
672
855
901
990
336
874
0
148
143
494
668
175
113
149
591
416
354
374
469
590
338
865
715
621
555
905
414
598
496
176
887
440
980
320
309
900
907
93
935
238
705
641
501
847
565
543
817
247
170
369
552
848
26
189
743
198
311
882
555
875
904
736
601
679
108
470
399
340
838
509
389
247
149
633
300
243
478
535
561
727
552
618
413
248
740
912
52
89
79
882
456
710
438
880
250
481
725
586
925
851
19
332
879
732
190
209
620
670
254
624
976
52
969
156
865
696
411
221
783
441
847
652
457
235
