281
577
915
782
900
572
229
85
659
992
813
446
201
829
231
559
253
154
263
412
748
176
21
302
249
914
723
969
707
600
12
620
441
635
426
781
948
91
476
373
465
876
306
991
953
78
151
335
151
467
130
229
102
340
801
376
277
845
194
703
8
535
879
987
123
924
990
192
653
373
650
914
543
191
545
389
776
780
307
4
878
37
468
699
995
573
894
176
202
985
446
140
364
164
944
176
83
607
458
18
731
717
131
335
416
829
270
978
712
209
807
419
621
803
440
755
63
270
488
547
652
778
673
60
389
786
108
681
342
728
908
120
281
977
547
240
833
898
909
821
310
17
783
902
985
913
891
320
589
669
379
363
848
861
824
194
597
774
622
496
280
84
525
6
341
555
511
273
909
459
377
864
477
162
824
331
197
531
1
398
634
140
92
349
145
37
38
706
665
116
890
675
419
718
612
78
697
344
106
902
56
491
918
783
419
558
12
148
453
926
21
643
875
208
590
806
332
934
984
738
141
936
564
20
485
410
499
927
794
276
287
434
759
991
682
799
755
178
529
663
670
12
140
464
442
573
773
904
572
869
546
411
438
790
393
681
962
85
175
475
845
682
924
571
837
410
207
571
776
690
802
926
835
772
313
275
756
726
861
897
397
149
687
372
742
529
11
940
573
986
11
358
844
864
452
852
95
520
130
888
128
426
683
951
193
823
818
328
485
408
378
891
628
770
500
318
42
406
968
739
210
461
124
277
684
296
524
273
272
677
854
858
381
245
360
453
195
579
697
219
553
7
320
428
60
776
317
536
533
633
970
672
430
290
782
628
409
975
102
446
436
101
608
764
924
433
701
635
285
443
354
694
276
911
812
846
602
252
525
308
381
885
199
145
564
566
572
886
790
289
592
56
456
205
188
371
802
784
95
95
340
403
450
648
306
692
705
583
417
513
153
382
805
616
899
705
825
635
491
552
289
857
669
321
79
696
549
834
921
78
145
876
755
504
941
539
887
889
370
369
813
155
933
619
96
660
384
700
783
248
199
269
925
236
369
166
390
731
200
357
158
393
439
941
431
876
831
299
566
795
269
306
955
135
244
742
388
542
867
245
365
830
859
970
181
14
880
987
520
728
513
330
125
499
61
688
699
598
955
189
853
670
582
541
799
760
355
628
459
538
921
274
229
307
76
602
47
475
126
716
33
293
467
34
889
50
823
392
556
935
774
724
230
958
503
525
75
418
262
881
594
27
885
894
891
586
118
954
213
359
223
189
86
910
795
436
712
903
649
233
484
53
827
501
102
750
309
360
277
809
696
56
181
311
618
125
827
119
716
341
412
245
264
979
331
165
500
817
621
889
919
959
346
235
751
796
690
436
677
993
41
618
734
581
305
416
718
59
666
359
323
224
377
162
28
8
706
976
652
160
523
3
782
774
575
621
646
708
388
650
530
988
162
744
996
861
432
555
501
580
12
173
71
38
118
746
670
873
441
282
85
3
344
744
905
922
433
759
892
194
305
413
144
445
268
215
837
76
502
979
505
860
595
749
411
420
352
865
44
987
364
631
379
878
638
949
252
495
396
726
204
473
333
624
611
303
996
11
446
925
705
654
936
935
990
275
756
477
315
571
994
440
294
52
747
526
162
294
763
417
947
413
363
30
324
281
191
96
637
625
98
13
948
102
748
777
126
348
926
454
2
907
466
341
635
108
305
494
640
998
650
284
274
625
660
508
985
106
449
675
251
124
727
527
779
776
83
318
969
563
524
19
283
470
177
447
344
779
737
115
653
667
430
860
438
748
724
567
530
720
627
388
531
713
718
504
945
8
344
562
107
724
955
311
785
472
628
448
320
342
102
457
667
567
497
77
834
180
119
861
450
590
331
695
777
682
958
795
755
833
31
353
902
236
70
670
119
20
910
798
896
775
853
467
782
879
977
155
850
436
376
912
692
802
868
416
159
973
689
269
78
233
108
823
809
38
275
405
11
88
443
115
859
4
305
685
196
367
57
762
115
201
876
708
614
494
10
475
620
365
860
361
788
466
476
552
477
686
923
848
335
214
279
205
685
721
8
389
96
850
765
54
569
118
791
662
330
7
529
332
121
983
346
156
562
9
34
761
552
552
869
674
136
435
742
118
435
152
43
468
981
397
121
348
494
983
412
761
549
273
573
800
412
134
769
633
708
937
89
508
150
761
131
216
722
243
397
828
728
951
881
336
49
373
321
782
81
752
488
18
43
40
43
9
904
350
18
869
102
320
879
574
370
188
602
461
145
585
830
538
864
81
380
565
310
499
114
449
515
878
463
885
416
103
45
300
666
283
84
980
812
296
911
403
200
717
214
734
129
731
935
419
784
531
305
142
482
950
558
977
330
292
92
317
48
668
241
21
925
634
345
257
66
518
366
376
692
689
450
374
14
635
947
413
580
208
979
928
295
169
403
227
745
718
948
678
391
473
842
840
870
285
54
880
371
686
598
735
644
659
195
618
388
174
222
83
679
532
39
374
778
591
772
737
909
152
427
13
89
178
980
378
608
883
750
158
221
739
532
366
841
759
460
941
327
63
644
313
693
99
569
629
535
341
765
993
137
95
756
678
97
741
788
53
71
261
46
471
651
739
693
999
761
313
266
916
378
108
898
59
882
577
388
129
402
878
851
381
698
414
748
284
741
284
548
382
488
969
698
334
32
808
52
31
591
758
401
458
155
839
834
460
395
363
78
756
823
328
984
83
299
665
903
3
951
556
154
10
798
290
213
632
129
63
701
531
888
1
348
236
428
373
946
194
12
188
504
85
290
181
930
781
416
877
720
537
500
401
281
835
526
4
581
376
922
420
932
389
135
310
544
414
259
658
341
832
608
377
625
462
870
74
787
585
30
309
492
383
473
887
740
878
411
116
883
59
751
106
70
723
64
881
929
850
498
49
119
202
643
501
11
603
913
603
833
193
496
269
471
540
968
729
977
72
681
500
94
756
45
574
133
64
528
823
307
399
678
224
956
756
553
292
778
441
949
676
215
387
475
201
348
89
806
557
444
715
901
931
752
416
381
469
607
95
355
691
393
951
459
657
736
122
927
954
652
68
496
664
314
761
458
238
336
165
55
413
695
397
51
962
413
82
422
584
502
350
475
274
687
175
869
609
631
832
121
419
131
455
740
461
196
377
833
559
94
673
559
213
624
760
421
607
99
287
411
238
176
576
615
982
795
874
752
563
750
234
530
316
387
806
846
429
554
822
309
736
499
876
698
443
449
130
969
517
44
450
192
625
977
120
136
901
735
52
119
469
712
412
430
640
674
279
554
573
625
668
929
774
75
432
91
41
328
590
259
248
860
856
800
591
995
748
396
274
663
586
192
601
961
458
882
252
402
499
804
712
588
46
394
428
914
1
536
941
424
383
326
36
409
989
569
386
227
63
958
466
625
80
454
412
541
345
609
258
495
48
248
283
415
674
859
686
203
20
179
793
245
587
134
6
909
388
861
542
206
13
483
712
895
33
748
706
608
795
479
280
191
738
194
35
678
755
913
360
947
861
98
937
148
525
136
593
228
681
265
625
95
409
902
472
245
602
631
151
575
869
481
66
740
92
622
458
213
109
974
655
941
39
887
675
455
328
351
50
355
969
417
613
481
713
972
502
377
798
228
766
764
731
666
58
690
499
151
300
857
292
705
438
646
398
415
73
932
426
679
403
46
384
281
703
410
704
688
951
397
266
525
396
813
946
927
486
422
747
267
631
221
292
707
841
554
527
999
320
150
582
29
258
361
521
117
627
54
10
38
46
173
922
231
269
637
732
867
161
428
582
604
573
540
865
834
917
861
782
977
20
873
512
900
810
671
880
849
21
199
3
251
751
847
168
886
77
736
678
451
223
272
11
32
651
676
207
138
212
42
966
417
89
265
756
321
72
557
122
769
440
267
887
674
846
157
443
958
791
658
5
26
5
701
260
961
989
480
338
310
164
566
676
813
242
706
70
127
647
879
259
697
370
84
170
224
552
467
629
603
169
263
59
196
62
960
893
44
935
261
398
234
1
620
355
424
564
24
73
819
899
680
790
476
453
488
904
152
816
774
42
632
469
852
109
478
694
29
187
933
300
909
7
731
221
921
608
686
243
744
531
240
208
677
16
520
845
906
845
158
738
58
103
403
328
867
624
803
450
471
242
704
337
350
609
596
126
593
686
194
683
397
663
650
547
521
572
447
88
246
325
231
363
563
56
246
493
690
70
567
412
211
229
233
962
74
808
241
32
71
362
938
911
554
313
510
327
945
735
367
672
64
621
126
422
12
248
767
602
300
613
655
474
916
560
884
419
351
280
575
533
488
495
344
349
165
390
359
512
89
669
658
962
853
399
984
223
626
995
808
929
805
48
879
152
367
840
332
263
392
621
2
643
672
226
209
239
18
512
57
466
61
776
989
698
552
536
528
250
961
951
214
239
233
210
41
216
968
257
391
956
25
180
140
493
570
214
514
554
155
524
825
418
976
239
188
484
124
956
642
964
84
629
446
384
853
569
844
632
59
478
687
124
623
711
612
503
867
560
173
729
478
974
403
787
767
188
51
987
415
432
459
552
856
219
394
871
515
879
393
307
555
508
698
28
996
779
467
710
447
548
735
650
181
106
25
297
749
939
6
717
772
870
542
346
320
493
295
185
401
786
742
854
205
398
154
751
142
740
815
429
697
165
12
759
734
820
154
305
31
697
953
788
488
155
752
671
961
334
544
851
690
373
271
52
116
809
228
243
656
895
91
800
294
647
599
997
804
384
367
798
497
74
423
693
413
476
444
761
663
387
723
230
378
476
374
81
85
536
260
26
590
94
988
539
194
375
686
752
315
283
438
428
927
673
566
411
800
851
815
287
294
24
707
201
261
890
18
809
772
424
558
817
388
703
565
923
808
905
396
523
399
55
331
288
340
898
224
395
614
909
59
362
49
951
43
855
136
173
404
384
972
300
686
572
966
828
427
51
261
16
884
364
885
513
600
700
476
178
531
618
250
47
791
872
140
679
713
891
501
968
274
347
514
113
880
214
408
147
81
384
549
120
804
85
735
822
388
590
501
597
73
10
544
299
732
860
581
210
615
986
314
55
800
341
66
163
304
316
215
998
307
924
355
799
166
539
507
488
976
810
601
110
871
967
540
951
336
242
734
708
923
848
890
222
216
347
384
997
730
51
814
427
62
493
956
62
151
553
924
221
298
210
645
58
281
727
843
981
607
702
428
802
623
192
25
433
649
456
599
867
649
444
385
844
797
238
484
268
740
461
414
343
654
156
844
724
115
732
263
827
492
725
834
984
632
112
691
892
484
576
595
922
627
262
484
991
909
292
630
754
695
761
469
892
671
947
771
25
689
707
982
516
75
642
93
113
170
122
412
219
423
31
242
70
26
76
35
350
897
17
711
23
373
842
854
806
777
979
142
652
327
776
426
819
689
409
281
313
41
435
625
818
542
625
950
690
923
481
770
439
413
939
818
213
290
244
395
691
728
297
432
754
201
879
777
726
121
975
545
29
65
966
548
949
972
419
443
258
98
394
686
141
670
78
981
432
753
994
330
301
482
808
374
607
867
643
599
40
152
319
754
713
542
737
507
864
245
856
263
355
268
435
114
100
328
556
521
613
904
826
470
82
288
188
44
933
952
313
870
541
593
101
960
80
795
430
57
719
661
365
604
809
987
503
585
623
853
675
853
679
226
998
923
668
320
170
309
163
134
557
371
272
376
134
206
999
398
50
858
718
618
604
414
871
387
92
313
700
955
142
451
907
114
243
101
17
165
205
334
627
559
499
707
855
370
828
729
537
601
609
58
681
549
131
235
602
866
732
38
62
430
881
744
413
917
189
760
980
428
49
683
49
208
335
976
997
650
413
685
51
266
743
718
789
244
414
660
269
619
884
322
417
249
297
71
648
680
383
793
913
920
258
183
850
517
4
200
958
220
53
325
376
755
951
504
156
882
23
720
789
298
959
754
785
600
409
190
208
5
910
107
83
421
829
559
698
474
911
222
454
61
918
998
117
753
934
670
179
220
660
41
533
162
787
875
834
871
205
974
242
33
198
273
352
32
877
838
452
275
756
887
809
977
406
188
389
568
848
595
359
261
872
948
234
1
802
896
544
884
106
670
690
776
475
361
411
389
630
994
709
972
486
285
195
602
416
10
197
4
601
483
58
426
551
221
144
897
553
981
406
472
643
392
659
270
769
958
240
878
52
228
568
809
995
462
936
383
593
709
432
905
420
50
929
261
958
783
458
359
356
598
195
617
660
881
634
199
91
325
179
257
372
219
225
662
765
468
732
241
588
481
691
491
463
772
513
893
744
535
532
759
727
263
192
218
673
804
986
463
687
960
568
82
57
761
566
814
673
709
651
686
269
945
418
549
396
942
484
11
153
688
659
21
965
652
826
176
511
846
96
977
646
725
131
76
936
75
984
191
979
228
153
202
544
242
88
773
967
355
448
310
406
488
98
677
107
626
653
654
241
923
831
827
647
838
504
19
467
813
382
515
878
805
66
663
961
832
625
302
254
438
431
807
665
673
375
819
141
396
965
57
547
366
100
239
757
193
859
388
104
778
457
688
656
644
354
564
909
454
194
763
244
733
447
916
304
383
899
771
775
774
46
947
41
532
298
563
955
321
40
234
154
239
288
328
819
294
429
738
311
665
871
169
692
923
234
48
879
327
732
657
692
860
940
163
24
841
886
65
782
786
723
394
494
767
317
0
468
85
423
719
276
12
763
309
371
685
718
368
512
701
78
576
786
402
163
627
827
480
507
846
346
585
88
527
375
503
108
140
15
399
725
127
167
196
347
289
236
861
109
735
697
653
340
550
987
652
504
767
495
302
534
758
403
24
51
965
25
411
570
664
471
743
49
445
700
925
378
634
749
569
21
978
501
442
731
309
428
895
245
115
622
511
211
141
612
797
712
137
752
607
402
800
105
417
424
837
815
939
669
940
240
979
465
580
673
328
494
42
848
821
71
324
958
118
573
383
50
235
123
110
785
918
145
376
129
825
135
236
332
249
959
155
250
385
677
641
376
85
570
562
333
932
27
422
34
728
968
368
249
574
809
417
430
684
915
683
219
780
616
285
88
732
133
642
615
774
716
382
822
603
818
663
237
263
171
259
447
793
185
324
309
882
660
869
806
919
91
671
787
620
328
148
94
639
586
279
59
911
188
550
959
407
555
502
261
418
757
313
407
492
404
94
962
403
345
486
530
225
582
542
660
103
340
470
123
223
643
53
649
462
256
206
279
92
184
219
785
114
155
196
168
790
996
52
283
918
221
65
864
263
447
334
403
808
406
958
481
112
771
511
999
633
964
57
979
319
438
986
36
617
602
183
606
819
502
768
133
869
626
321
939
84
98
953
396
75
780
417
46
614
143
123
31
954
500
283
238
548
472
486
540
573
879
678
267
622
45
696
116
398
221
267
839
661
565
548
611
404
384
642
710
68
699
75
550
359
468
801
93
806
515
637
859
200
85
638
637
748
333
198
452
900
411
50
777
526
513
691
627
87
424
230
451
662
962
580
671
43
920
422
483
426
75
922
30
584
183
226
327
737
804
335
128
251
158
306
523
714
157
426
274
193
135
543
699
226
488
82
647
682
467
103
948
236
347
432
768
152
179
247
966
568
235
255
909
279
244
104
772
766
210
949
42
245
488
948
665
906
530
913
963
848
619
383
148
535
831
876
887
724
43
176
717
838
273
506
919
773
151
583
213
734
735
392
368
550
801
734
801
531
148
797
228
298
604
618
271
880
93
11
669
457
109
953
608
710
656
68
602
199
805
988
548
837
677
647
207
874
604
484
48
432
201
618
185
179
248
405
674
483
598
431
975
113
44
911
675
246
524
969
330
275
288
2
100
888
595
533
365
348
55
63
145
558
13
868
557
166
868
500
464
643
240
621
729
474
275
702
26
96
562
365
906
412
710
773
177
307
427
64
468
601
605
357
736
385
678
766
771
745
340
465
206
333
119
897
950
775
536
880
666
336
325
923
663
590
346
634
223
905
321
106
641
307
690
633
241
892
341
118
184
543
348
930
270
813
582
71
876
988
38
619
590
555
58
785
101
661
687
172
235
615
474
681
992
496
146
696
113
860
825
726
648
461
464
275
310
694
770
715
213
373
641
3
347
189
101
417
824
709
715
56
96
337
946
63
628
962
640
29
563
61
51
308
806
613
236
463
786
909
62
792
726
926
597
171
755
706
969
400
667
491
665
265
291
674
140
929
898
511
74
557
84
178
866
554
328
421
685
714
500
198
439
780
531
452
286
511
852
741
82
331
420
465
837
76
182
495
740
139
807
10
459
619
270
736
903
397
808
455
637
25
250
964
872
914
551
473
63
459
642
434
629
204
141
317
898
804
727
380
999
617
596
568
7
747
311
419
313
185
371
377
529
415
479
356
614
925
279
883
678
533
479
663
206
960
19
122
358
541
993
836
385
743
680
691
754
10
258
494
122
482
181
94
102
432
47
546
588
906
623
965
574
318
41
766
704
395
881
4
348
356
409
924
565
505
214
808
336
563
76
702
750
356
409
602
686
497
599
217
383
310
835
803
875
756
499
988
624
529
133
159
40
244
42
719
344
979
481
604
301
67
767
246
338
883
300
698
670
574
210
158
923
75
231
234
665
730
521
356
41
749
457
464
390
137
680
595
765
440
166
402
333
549
281
308
585
27
619
424
739
145
468
100
347
190
342
420
373
837
424
163
832
245
594
225
442
608
463
265
153
414
489
678
548
301
550
66
392
903
615
42
879
40
242
145
851
139
325
567
377
984
907
645
16
436
532
112
200
332
500
616
687
927
877
140
518
408
192
484
547
13
735
675
688
871
582
430
32
726
576
421
554
592
182
557
358
285
362
40
356
714
146
754
28
761
799
344
904
713
61
847
157
799
301
943
624
193
206
210
134
82
67
340
452
439
854
120
621
501
721
181
698
749
973
308
939
30
652
655
108
477
560
631
779
291
943
754
621
746
870
591
96
517
242
71
403
524
317
578
306
377
782
987
910
810
881
842
329
931
822
851
119
951
694
960
456
11
479
896
994
375
320
554
915
26
464
338
211
393
265
943
872
571
770
462
460
316
11
511
921
708
681
490
445
219
185
397
48
212
9
141
650
659
442
582
210
108
954
34
481
898
638
410
388
368
212
731
528
271
558
135
880
245
867
503
994
382
495
379
713
250
931
630
955
931
567
512
178
897
164
969
575
371
990
495
482
100
174
37
430
560
278
272
10
362
798
846
867
875
684
981
372
169
167
990
352
18
556
52
382
531
121
997
458
89
887
308
125
819
110
39
915
826
544
348
370
903
175
91
402
727
338
920
104
317
258
273
68
708
116
166
59
663
439
169
519
880
652
75
89
953
478
543
417
930
439
744
300
527
842
827
828
133
351
0
806
42
608
923
341
126
651
833
372
985
696
321
624
130
978
512
403
506
778
225
837
691
463
935
789
776
682
128
350
602
646
89
973
659
773
728
942
363
405
914
830
701
505
569
570
758
580
913
999
833
424
143
923
801
925
638
321
4
645
656
482
192
163
726
22
94
540
636
539
712
430
444
540
319
878
189
242
293
726
959
672
484
738
790
528
25
883
425
67
945
869
934
534
382
147
188
808
605
715
316
175
168
147
148
795
443
866
41
682
509
868
801
403
333
429
795
766
918
895
411
896
377
927
510
980
21
929
718
501
782
916
226
752
887
727
454
382
773
99
674
824
345
611
777
451
769
837
993
403
893
437
290
979
721
647
452
338
572
777
753
241
563
379
732
993
842
831
5
986
160
163
99
14
486
373
940
885
541
318
212
841
337
703
135
89
261
752
796
578
540
944
889
521
289
958
77
934
796
758
158
203
634
495
824
722
127
393
174
756
227
852
424
285
838
627
393
197
65
735
923
98
83
257
377
793
372
455
105
251
298
896
973
996
253
98
445
575
745
656
570
357
912
506
257
156
873
916
154
244
705
600
460
413
404
80
366
828
400
67
197
588
991
753
61
881
863
418
198
928
167
344
645
251
424
477
987
192
725
366
38
785
969
783
2
278
540
465
20
342
217
438
483
653
239
117
355
143
154
465
959
827
942
500
515
611
703
857
19
831
687
198
595
641
613
296
251
427
718
617
679
796
915
468
41
90
423
209
139
370
627
380
725
435
488
40
855
328
49
345
12
492
786
15
595
423
864
454
426
319
975
195
362
810
322
681
418
231
786
608
760
429
30
783
75
211
772
569
934
967
73
211
441
546
147
325
738
824
968
311
100
29
882
395
145
571
697
640
25
625
829
879
143
877
935
502
820
561
403
361
611
139
829
545
752
215
580
149
310
728
423
836
603
635
67
405
586
692
278
982
573
90
139
968
388
581
626
556
934
872
451
919
931
945
935
8
461
422
644
834
1
729
675
812
853
844
535
286
831
816
564
847
711
143
305
193
226
242
755
462
365
436
792
220
514
613
885
515
274
226
684
664
871
242
86
298
692
180
905
393
908
620
214
870
132
60
785
166
46
127
142
88
595
353
165
718
244
554
289
880
276
697
226
507
238
837
717
385
174
191
637
58
167
971
153
985
9
309
514
193
940
353
934
534
701
259
774
328
516
788
120
337
832
174
714
720
343
343
796
14
486
729
400
926
834
426
705
314
992
863
693
272
615
27
785
915
304
205
480
638
671
672
190
563
905
325
943
850
553
771
175
421
521
606
478
432
729
180
698
342
375
284
33
662
628
938
273
116
383
901
702
748
392
530
752
450
283
833
133
77
550
349
298
762
905
562
338
644
209
118
360
177
937
993
231
999
831
513
940
445
990
102
212
751
884
869
911
610
274
584
705
157
371
978
801
608
155
257
224
62
686
316
71
622
603
307
493
936
139
509
380
426
345
884
823
250
423
630
170
878
530
125
214
159
132
606
104
916
52
279
796
259
308
528
259
754
303
60
646
724
925
194
190
215
604
379
778
986
36
16
844
419
7
740
289
110
420
212
914
34
191
584
627
126
398
841
912
417
538
250
343
623
560
683
622
967
531
24
42
273
96
232
945
13
518
689
668
567
920
769
557
14
240
600
433
779
409
409
65
759
89
847
107
550
345
180
256
295
435
565
530
661
95
521
372
592
234
592
246
260
331
568
155
668
595
891
529
775
41
605
372
576
239
265
223
67
996
538
752
99
895
471
999
457
205
632
619
368
559
21
25
611
3
710
569
983
220
357
783
997
705
256
939
975
688
66
358
44
109
553
250
543
331
98
172
714
981
824
952
968
713
252
617
615
801
310
204
580
352
458
791
193
30
230
956
386
680
976
